image: map_data.pgm
resolution: 0.050000
origin: [-11.139050, -14.151936, 0.000000]
negate: 0
occupied_thresh: 0.65
free_thresh: 0.196

